****************** Matrice contenant l'entropie de chaque personne pour chaque variable j ****************
-0.12970201116789748  -0.1166314394469913  -0.11665245372831141  -0.11665241994248865  -0.11665241999680799  -0.11665241999672066  0.0  -0.1168399685464573  -0.11665211846454077  0.0  0.0  0.0  0.0  0.0  
-0.1436011324532878  -0.13189381284084925  -0.13191299942895326  0.0  -0.13212915413765  -0.13191261373891705  -0.13191296861702545  -0.131912968035432  0.0  0.0  0.0  0.0  0.0  0.0  
0.0  -0.1168399685464573  -0.11665211846454077  -0.11665242048151077  -0.11665241999594138  -0.11665241999672206  -0.1166524199967208  -0.11665241999672081  -0.11665241999672081  0.0  0.0  0.0  0.0  0.0  
-0.1436011324532878  0.0  -0.13212915413765  -0.13191261373891705  -0.13191296861702545  -0.131912968035432  -0.13191296803638516  -0.1319129680363836  0.0  0.0  0.0  0.0  0.0  0.0  
0.0  0.0  -0.21576155433883568  -0.21544442840399428  -0.2154448945151087  0.0  -0.21576155433883568  0.0  0.0  0.0  0.0  0.0  0.0  0.0  
0.0  0.0  -0.21576155433883568  0.0  -0.21576155433883568  -0.21544442840399428  0.0  -0.21576155433883568  0.0  0.0  0.0  0.0  0.0  0.0  
0.0  0.0  0.0  0.0  -0.21576155433883568  -0.21544442840399428  -0.2154448945151087  -0.2154448938300194  0.0  0.0  0.0  0.0  0.0  0.0  
0.0  0.0  0.0  0.0  0.0  -0.2703100720721096  0.0  -0.2703100720721096  -0.2700188235262733  0.0  0.0  0.0  0.0  0.0  
0.0  0.0  0.0  0.0  -0.21576155433883568  0.0  -0.21576155433883568  -0.21544442840399428  -0.2154448945151087  0.0  0.0  0.0  0.0  0.0  
0.0  0.0  0.0  0.0  0.0  0.0  -0.21576155433883568  -0.21544442840399428  -0.2154448945151087  0.0  0.0  -0.21576155433883568  0.0  0.0  
0.0  0.0  0.0  0.0  0.0  0.0  0.0  -0.21576155433883568  -0.21544442840399428  -0.2154448945151087  0.0  -0.21576155433883568  0.0  0.0  
0.0  0.0  0.0  0.0  0.0  0.0  0.0  -0.15193463066162882  -0.15168420833723567  -0.15168462108935338  0.0  -0.15193463066162882  -0.15168420833723567  -0.15168462108935338  
0.0  0.0  0.0  0.0  0.0  0.0  -0.13212915413765  -0.13191261373891705  -0.13191296861702545  -0.131912968035432  0.0  -0.13212915413765  -0.13191261373891705  -0.13191296861702545  
0.0  0.0  0.0  0.0  0.0  -0.1168399685464573  -0.11665211846454077  0.0  -0.1168399685464573  -0.11665211846454077  -0.11665242048151077  -0.11665241999594138  -0.11665241999672206  -0.1166524199967208  
0.0  0.0  0.0  0.0  0.0  0.0  -0.17851484105136778  -0.17822726619576723  0.0  -0.17851484105136778  -0.17822726619576723  -0.17822772945863707  0.0  0.0  
0.0  0.0  0.0  0.0  0.0  0.0  0.0  -0.34657359027997264  -0.34657359027997264  0.0  0.0  0.0  0.0  0.0  
0.0  0.0  0.0  0.0  0.0  0.0  0.0  0.0  -0.34657359027997264  0.0  -0.34657359027997264  0.0  0.0  0.0  
0.0  0.0  0.0  0.0  0.0  0.0  0.0  0.0  -0.34657359027997264  0.0  -0.34657359027997264  0.0  0.0  0.0  
